sentence_id,true_label,predicted_label,cosine_similarity,pearson_correlation,js_divergence,confidence_score,confidence_level
0,1,1,0.6637892080013645,0.6228150856805746,0.08341969525330312,0.7343948661428787,High
1,0,0,-0.7032295057101978,-0.7224756232353376,0.041589883618568926,-0.15576500418803477,Low
2,0,0,-0.7101272160476182,-0.7181330397519802,0.15716011518186704,-0.1951401236604884,Low
3,1,1,0.7112474323012996,0.7288219744758011,0.18026632206235504,0.7532676949049152,High
4,1,1,0.9250680330671119,0.9163422867200034,0.06285103273422424,0.9261864290176304,High
5,1,1,0.8630918403173395,0.8546753203720282,0.06546137369814681,0.8841019289970736,High
6,0,0,-0.09218600753887277,-0.020168540536453367,0.1828467124104876,0.23493291317139545,Low
7,1,1,0.9414535937384323,0.9392876547530467,0.10633421043145083,0.9248023460200093,High
8,0,0,-0.4047234804453159,-0.4137859252548018,0.261712947693837,-0.026740784464651557,Low
9,0,0,-0.02750619667015175,-0.016886551673073177,0.23779952058178092,0.23926924369166472,Low
10,0,0,0.22912475329542895,0.31036941801567025,0.1413880674901804,0.46603536794030626,Medium
11,1,1,0.42776169353475874,0.2929546233197674,0.14500172081309545,0.5252381986804768,Medium
12,1,1,0.561598935860248,0.3899761316399251,0.19690745355220518,0.5848892046493227,Medium
13,0,1,0.9018493925029485,0.8558827524575426,0.05152436316475159,0.9020692605985797,High
14,1,1,0.7406850716761105,0.7719751167915596,0.08635072378882822,0.808769821559614,High
15,0,0,-0.08964518896746923,-0.09381295018843351,0.15871793315287214,0.21927464256374174,Low
16,1,1,0.29925021526491585,0.2894647244686816,0.13984681163886764,0.4829560426982433,Medium
17,0,0,-0.19749076836898086,-0.2122799639245707,0.21271676895765937,0.1258374995829297,Low
18,0,1,0.6493909235394093,0.6070373461823676,0.12792424256997034,0.7095013423839355,High
19,1,1,0.9649412176226535,0.9611278652652091,0.08752659846485361,0.9461808281410029,High
